5
from_hakodate
i	time	|0	1	2	
----------------+------------------------
-1		|0	999999	999999	
0	750	|0	2500	999999	
1	815	|0	2500	999999	
2	1050	|0	2500	999999	
3	1070	|0	2500	5500	
4	1080	|0	2500	5500	
from_tokyo
i	time	|0	1	2	
----------------+------------------------
-1		|999999	999999	0	
0	750	|999999	999999	0	
1	815	|999999	3000	0	
2	1050	|5500	3000	0	
3	1070	|5500	3000	0	
4	1080	|5500	3000	0	
to_hakodate
i	time	|0	1	2	
----------------+------------------------
-1		|0	999999	999999	
0	1070	|0	3000	999999	
1	1130	|0	3000	999999	
2	1155	|0	2500	999999	
3	1490	|0	2500	5500	
4	1505	|0	2500	5500	
to_tokyo
i	time	|0	1	2	
----------------+------------------------
-1		|999999	999999	0	
0	1070	|999999	999999	0	
1	1130	|999999	3000	0	
2	1155	|999999	3000	0	
3	1490	|999999	3000	0	
4	1505	|5500	3000	0	
Answer:11000
4
from_hakodate
i	time	|0	1	2	
----------------+------------------------
-1		|0	999999	999999	
0	750	|0	2500	999999	
1	815	|0	2500	999999	
2	1050	|0	2500	999999	
3	1070	|0	2500	5500	
from_tokyo
i	time	|0	1	2	
----------------+------------------------
-1		|999999	999999	0	
0	750	|999999	999999	0	
1	815	|999999	3000	0	
2	1050	|5500	3000	0	
3	1070	|5500	3000	0	
to_hakodate
i	time	|0	1	2	
----------------+------------------------
-1		|0	999999	999999	
0	1130	|0	999999	999999	
1	1156	|0	2500	999999	
2	1490	|0	2500	5500	
3	1505	|0	2500	5500	
to_tokyo
i	time	|0	1	2	
----------------+------------------------
-1		|999999	999999	0	
0	1130	|999999	3000	0	
1	1156	|999999	3000	0	
2	1490	|999999	3000	0	
3	1505	|5500	3000	0	
Answer:0
18
from_hakodate
i	time	|0	1	2	3	
----------------+--------------------------------
-1		|0	999999	999999	999999	
0	533	|0	3550	999999	999999	
1	558	|0	3550	999999	999999	
2	631	|0	3550	6210	999999	
3	653	|0	3550	6210	3840	
4	664	|0	3550	6210	3840	
5	724	|0	3550	6210	3840	
6	893	|0	3550	5850	3840	
7	894	|0	3550	5850	3840	
8	929	|0	3550	5850	3840	
9	964	|0	3550	5850	3840	
10	969	|0	3550	5850	1920	
from_tokyo
i	time	|0	1	2	3	
----------------+--------------------------------
-1		|999999	999999	0	999999	
0	533	|999999	999999	0	999999	
1	558	|999999	999999	0	999999	
2	631	|999999	999999	0	999999	
3	653	|999999	999999	0	999999	
4	664	|999999	1330	0	999999	
5	724	|999999	1330	0	2010	
6	893	|999999	1330	0	2010	
7	894	|5850	1330	0	2010	
8	929	|5850	1330	0	2010	
9	964	|4880	1330	0	2010	
10	969	|4880	1330	0	2010	
to_hakodate
i	time	|0	1	2	3	
----------------+--------------------------------
-1		|0	999999	999999	999999	
0	1089	|0	3550	999999	999999	
1	1111	|0	3550	999999	999999	
2	1137	|0	3550	999999	999999	
3	1146	|0	3550	999999	999999	
4	1164	|0	3550	999999	3840	
5	1306	|0	3550	5850	3840	
6	1405	|0	3550	5850	3840	
7	1409	|0	3550	5850	3840	
8	1416	|0	3550	4880	3840	
9	1500	|0	3550	4880	3840	
10	1520	|0	3550	4880	3840	
to_tokyo
i	time	|0	1	2	3	
----------------+--------------------------------
-1		|999999	999999	0	999999	
0	1089	|999999	999999	0	999999	
1	1111	|999999	2660	0	999999	
2	1137	|999999	2660	0	2010	
3	1146	|999999	2660	0	2010	
4	1164	|999999	2660	0	2010	
5	1306	|999999	2660	0	2010	
6	1405	|5850	2660	0	2010	
7	1409	|5850	2660	0	2010	
8	1416	|5850	2660	0	2010	
9	1500	|5850	2660	0	2010	
10	1520	|5850	2660	0	2010	
Answer:11090
0
